0.011422
0.22759
0.041636
0.0078779
0.11399
-0.016843
0.10322
0.098602
-0.090578
0.08533
-0.1219
-0.11098
0.021784
0.17537
-0.07886
0.064149
0.024567
-0.071186
-0.13624
-0.091358
-0.048958
-0.056276
0.095814
0.077639
-0.088743
-0.15916
0.1858
-0.11632
-0.1285
-0.11675
0.040906
0.015134
-0.092768
-0.004782
-0.032877
0.10208
0.13323
0.12703
0.034664
0.12158
-0.021845
-0.063503
0.14623
0.019011
0.10479
-0.060294
0.074105
0.10304
-0.010317
0.010429
0.20801
-0.0070601
-0.018456
0.068032
-0.10749
-0.051243
-0.11891
-0.0038404
-0.076072
0.067773
0.065492
0.15063
0.087276
-0.037077
-0.052759
0.05424
0.1319
0.26009
0.065739
0.22859
-0.15564
0.035151
-0.01292
-0.024371
0.083236
-0.01198
-0.016415
0.064874
-0.020089
0.034386
0.0045813
-0.14607
0.12351
0.073387
0.015278
-0.14285
0.021465
0.074512
-0.030392
-0.0086089
0.04214
0.086524
-0.12384
0.034958
-0.12053
-0.027171
-0.08747
-0.020631
-0.091097
-0.03085
0.090385
-0.2545
0.0088562
-0.044617
-0.32005
-0.045952
0.097528
0.067353
0.17991
-0.19508
-0.033051
0.054943
0.11822
-0.064811
-0.075335
0.075221
-0.15939
0.031724
0.0078607
0.10122
0.15636
-0.013782
-0.04455
0.075776
-0.087789
-0.00094025
-0.09911
-0.012595
0.057153
0.1688
0.16305
0.093759
-0.080419
-0.17577
-0.023841
-0.19176
0.22527
-0.020935
0.11852
0.027763
-0.096011
0.14192
-0.0068382
0.037726
-0.11433
-0.014091
-0.036731
0.045935
0.10003
-0.030756
-0.0069148
-0.046402
-0.12377
-0.15987
-0.18389
0.028898
-0.019667
0.020631
0.22796
0.037389
-0.19874
-0.041132
-0.056429
-0.042673
-0.15819
0.05046
0.065001
-0.08985
-0.16319
0.024082
-0.027656
0.073445
-0.12195
-0.0080092
0.053623
-0.076113
-0.065777
-0.22127
-0.075555
0.13835
-0.11105
-0.063962
-0.063683
-0.078491
0.089023
-0.082726
0.038979
0.068813
-0.05921
-0.076524
0.12665
0.0056764
-0.011453
0.024031
0.10158
-0.22279
0.03068
-0.078314
0.011585
-0.06779
0.064648
-0.027808
0.21032
0.16406
-0.1426
-0.017598
0.011399
0.09514
-0.082516
-0.079161
-0.12405
-0.088722
0.010528
0.042185
-0.15971
0.05096
0.012079
0.14933
0.22173
0.029932
0.054379
0.062855
0.018001
0.024009
0.09047
-0.013125
-0.11873
-0.12853
0.058269
-0.04795
-0.14246
-0.0015584
-0.027848
0.039703
-0.019934
-0.092891
-0.15693
0.25508
-0.19163
-0.15008
0.12915
-0.067596
0.10621
-0.19013
-0.17538
0.045277
0.043758
0.16999
-0.095178
-0.12472
-0.11007
0.041731
-0.036085
-0.0088642
0.047659
-0.089747
-0.027744
-0.0032978
0.03928
0.086075
0.027744
0.057065
0.042024
-0.052947
0.026061
0.0038329
0.099541
-0.068321
0.088882
-0.10526
0.077136
0.13773
0.10402
0.088199
0.0023065
0.068194
-0.044815
0.094461
0.051547
0.1359
0.050078
-0.12405
0.030955
0.083152
-0.10654
-0.093519
0.032277
0.14733
0.070943
-0.24338
-0.19289
-0.099379
-0.050334
0.16734
0.047509
-0.0068948
-0.010781
-0.11822
-0.097519
0.017769
0.028933
-0.028073
0.18099
0.13061
-0.16272
-0.1126
0.032948
0.15018
0.044227
0.1066
-0.095708
-0.021892
-0.16525
-0.017659
0.037331
0.014843
-0.18365
-0.050745
0.19863
-0.13228
0.010849
-0.016908
0.15682
0.023363
-0.10435
-0.16934
0.077739
-0.05919
0.081392
-0.029556
-0.016504
0.15254
0.054779
-0.082875
0.020323
-0.1064
-0.12421
0.062245
-0.017856
0.0026685
0.050412
-0.15103
0.065152
-0.06582
0.044345
0.046469
0.11058
0.018447
0.089546
-0.0093861
0.013313
-0.019184
0.11665
0.10116
-0.14929
-0.049013
0.10608
-0.10824
0.024568
0.14122
-0.039229
-0.063281
-0.076674
0.069004
0.061585
0.0032768
0.17513
0.029354
-0.18923
-0.045318
-0.10261
-0.0066824
-0.0176
0.1765
0.069159
-0.15847
0.14392
-0.0064123
-0.049521
-0.019554
-0.049687
0.016549
0.15099
-0.014119
-0.074194
0.037341
0.094588
-0.0018333
-0.030525
0.1811
-0.079764
0.090576
-0.044013
-0.081975
0.018013
-0.014103
-0.0066517
-0.021442
-0.097836
-0.070138
-0.17868
-0.10632
-0.21975
-0.093213
0.0875
-0.11892
0.09874
0.11395
-0.073874
-0.025756
0.0067742
-0.054873
0.074323
0.030844
-0.10281
0.078848
-0.15724
-0.17071
0.033223
0.015009
0.076229
-0.10047
0.2096
-0.063591
-0.11919
0.18032
-0.0066458
-0.12401
-0.085289
0.046857
-0.083916
-0.11835
-0.019292
0.067335
0.039355
0.1149
-0.0076159
-0.12769
-0.0028146
-0.12973
-0.086485
-0.031002
-0.0024895
-0.10358
-0.064795
0.021787
-0.037925
-0.087454
-0.02728
-0.036192
0.02072
0.11401
0.025764
-0.16285
-0.090236
-0.017866
0.28738
-0.1496
-0.053601
0.18418
-0.046777
0.0044985
-0.010781
0.026079
0.048754
-0.078311
0.14085
0.069029
0.10116
-0.10669
0.039303
0.054408
0.054264
0.16176
0.039376
-0.052144
0.043092
-0.18598
-0.073328
0.019814
0.08046
0.15115
0.24671
0.038196
-0.16796
-0.18507
0.082563
0.082753
0.22817
-0.017692
0.0057116
-0.032268
-0.0067267
-0.13099
-0.12723
-0.054293
0.29241
-0.1843
-0.17194
-0.0069807
-0.010805
-0.096291
0.068942
-0.0055592
-0.046082
-0.013781
-0.08568
0.018537
0.13453
0.14985
0.068495
0.12224
-0.19204
-0.10547
-0.068831
0.065392
0.10314
-0.20305
-0.11085
-0.18119
0.07252
-0.038807
-0.16092
-0.075121
0.023876
0.090611
0.092384
0.08009
0.021953
0.032036
0.1191
-0.019184
-0.059266
0.017975
